

基于物品的协同过滤算法主要有两步： 

    计算物品之间的相似度 
    共现次数 余弦夹角 欧氏距离

    根据物品的相似度
    和
    用户的历史购买记录
    给用户生成推荐列表


最终推荐的是什么物品，是由推荐度决定的。
单个物品的推荐度 
偏好过的 商品i    商品j 
	  
物度=用户对物品i的偏好度×物品i和物品j的相似度

用户	用户已购买商品编号
10001	20001
10002	20002
10001	20002
10001	20004
10002	20004
10003	20001
10003	20002
10004	20002

求共现次数
1.找出所有用户买了哪些商品
10001	20001，20002，20004
10002   20002，20004 
10003	20001 20002
10004	20002
共现次数（同一个人购买商品两两出现的组合频率）
10001用户购买商品的组合：
(20001,20001)(20001,20002)(20001,20004)
(20002,20002)(20002,20001)(20002,20004)
(20004,20004)(20004,20001)(20004,20002)
10002用户购买的商品组合：
(20002,20002)(20002,20004)
(20004,20002)(20004,20004)
10003用户购买的商品组合：
(20001,20001)(20001,20002)
(20002,20002)(20002,20001)
10004用户购买的商品组合：
(20002,20002)

求所有用户购买的商品的两两出现的组合
i	j
(20001,20001) 2
(20001,20002) 2
(20001,20004) 1
(20002,20002) 4
(20002,20001) 2
(20004,20004) 2
(20004,20001) 1
(20004,20002) 2

商品被哪些用户购买了
i
20001	10001:1，10003:1
20002	10001:1,10002:1,10003:1,10004:1
20004	10001:1,10002:1

推荐度=用户的对物品i的偏好度*物品i和物品j的相似度
	j
10001 20001 2
10001 20002 2
10001 20004 1
10003 20001 2
10003 20002 2
10003 20004 1
10001 20002 4
10001 20001 2
10002 20002 4
10002 20001 2
10003 20002 4
10003 20001 2
10004 20002 4
10004 20001 2
10001 20004 2
10001 20001 1
10001 20002 2
10002 20002 2 
10002 20001 1
10002 20002 2
把用户购买同一个商品的推荐度累加

10001 20001 5
10001 20002 8
10001 20004 3
10002 20001 3
10002 20002 6
10003 20001 4
10003 20002 6
10003 20004 1
10004 20002 4
10004 20001 2

去掉用户已经购买的数据
10001	20001，20002，20004
10002   20002，20004 
10003	20001 20002
10004	20002

结果
10002 20001 3
10003 20004 1
10004 20001 2










